0.14514937031851372
0.16465312417839867
0.25092418529230465
0.13382984029505268
-0.22698356027887312
0.016612884426636314
0.3044049636618067
0.17665555510461942
-0.1461956719923905
0.1331488016189542
-0.0153793581595408
-0.10430325715988595
-0.6361607288727861
0.1747428221494608
-0.1430785278623103
0.2500282266165029
0.1763323620455526
-0.32504858192165276
-0.10767052672070698
-0.13424421477159662
-0.304200336544823
-0.26644433354762403
-0.11390648043521995
-0.1771957599838871
-0.17875820629764194
-0.23814504273641324
-0.32705180213982543
0.028974801444905253
-0.24921078495088053
-0.3227356318496949
-0.3476349572034183
-0.0978350647484925
-0.1247672817193011
0.5436338760253625
-0.02477933536904164
0.2545539382315876
0.03938140517236084
-0.18320321145065527
0.09237574933962392
0.24112423075879114
-0.031099929114403294
0.0016101029291512095
-0.02299451526109473
-0.11523851512897237
0.48335023014087486
0.19490166404738707
-0.09434353238530431
0.0605841137883113
0.45921482270848824
0.2217956823690449
0.5314542518862773
0.5543123541332855
-0.18232328599960743
0.031999150911525824
0.13374895711605528
-0.28240025771534893
0.2796206131390907
-0.07982341096927337
0.15495903583072743
-0.00455132979829375
0.04488375707907237
0.31167936258653006
0.31897612390661345
0.051017731228947615
0.04695258003967924
-0.12127223790021673
0.24809087011302366
-0.014286818493220856
0.31656400190067346
-0.33742479875161857
-0.02611828147806615
-0.144270290046417
-0.24721728670120546
-0.0029451600265061086
0.18945048587905008
0.09289906948752144
-0.06356192460741655
-0.18989025646972008
-0.484749644596503
0.1763855836669853
-0.09098065527470096
0.17059438981070077
-0.023216266019103437
-0.06686001607255337
-0.1622814810576183
0.16841390632619907
-0.14846488701063873
-0.4483866463194939
-0.038005989704529224
-0.13358465736500447
-0.38563253048154733
-0.4504897864729205
-0.33941036469784447
-0.30190948227732506
0.11787386411226104
-0.2874116793755651
-0.19701234648410645
-0.4873368831535259
0.07895102757168168
-0.37125999324495185
-0.1464168992456793
0.0748030460764551
-0.10564049469897695
0.8406406853746098
-0.17726616557783653
-0.0735025488517585
0.0886805904309395
0.20774875301095647
0.16641612094396402
-0.11429062399055967
0.20713203034481079
-0.0886454172041747
-0.04311503618257033
-0.31464918455897406
0.01186077709080393
-0.19730066110803285
-0.0020930785523085383
0.10865311085218168
-0.3527490727951117
0.39065367258175476
0.1909732792605276
-0.20634693709274413
-0.3169775114497806
-0.12456514236556043
0.5745288613732121
0.1636139915568225
0.016646642185977778
0.03998666794144535
-0.008844201104846756
-0.13813975759088373
0.0837494249128355
0.1782442073945163
0.12168365689755917
0.03855561590162403
0.061324623108993115
0.17764961438825155
-0.06691451842504267
0.021003836581441244
-0.025881669370638766
-0.18940806757868
0.36547088041063375
-0.20234167475472248
-0.19469254656111828
0.19961854965010012
0.2725535951152983
0.3222056819637999
-0.07090832645307639
0.19470445173599887
-0.23845583168832746
0.10815936667320805
-0.2080666973016202
