-0.13778263082547965
0.32519291579900356
0.04160208885268672
-0.1392206270912264
-0.15487391375124537
-0.1528089722380557
-0.07603540831350161
-0.28004022659736116
0.20002782773534655
-0.20935083318081643
0.3863164679025294
-0.10957091667823837
0.023597240214872955
0.08530853023144713
-0.06376151910920949
-0.03966883021673172
0.17350909627326772
-0.1882556612963241
-0.221150335716086
-0.13745880133465563
-0.22744219325514387
-0.3300156511707689
-0.12857909603357331
-0.17588081650917498
-0.11959669176503218
-0.29312784035811246
-0.2085303648724242
-0.19896836119450828
-0.31768464705119487
-0.2788813430063476
-0.23047443579268329
-0.1267951922117721
-0.22775272196387192
-0.1660572566553841
0.16881976495101927
0.020881745655448987
0.2316004645837555
-0.5361645337390418
0.043550286928410634
-0.09567862532998549
0.12602153814504347
0.1788176782785857
0.3485203426602237
-0.3648351615568096
0.18101625961877732
0.3170734829146534
-0.11636287610614258
0.2642867117303122
0.21475409796719258
-0.5680430210473426
0.0950342050460316
0.1374368002867033
0.1721778699071062
0.129574278778941
0.14850888335999407
0.16902060431591248
0.4476532471688707
0.4065652571451907
0.2548683337329535
0.2430012557502415
-0.1454698028419507
0.16301156021809537
-0.04614505773097053
-0.03799492590352943
0.3088208797858652
0.14128849382885
0.20926109983769736
0.16614207982178908
-0.1789864446259357
-0.013483795826452778
-0.3509600974524263
0.011634124276165203
0.2825530332866765
0.03740864071615331
0.21862131203737195
-0.11690849491752814
0.04314619442937939
-0.3129951559356163
-0.3338282812510503
-0.25318918679415214
-0.270028063149345
0.08792854707125541
-0.491065674942777
0.21548476970130093
-0.012457405062396598
-0.24017804496977047
0.02861381713680427
0.046564117874243194
0.5469669047093106
-0.22302940849412817
0.11505912983235204
0.20985931897704385
-0.7666435300059905
-0.23005463338269955
-0.2562609404411492
0.06840919211779102
0.1598425501471321
-0.1351678818982317
-0.03784872735917383
0.23918877806867955
0.021197947391096515
0.18931502937465866
-0.007711543911659266
-0.512277514182564
-0.03450126533574436
0.2035438210831533
-0.10375718540278658
-0.028109475619236747
0.12839657403895563
-0.25465295806118543
-0.12375830240094
0.1917567091100535
0.39064853277937217
0.06491848517259188
0.12360333024466938
0.14495282795755998
0.1930533238381118
0.12125261572179066
-0.04289678757929566
0.07345134805227296
0.14371926963450365
-0.19594752370624924
-0.15201961182116136
0.16649647209244872
0.022004125001568536
-0.3079871736459406
0.14440653509548224
-0.13122050666061652
-0.09986684158944649
0.17929543855365268
-0.15510858984567255
0.1607371498968455
-0.042654470024550896
0.11043214547327251
-0.12113353479733036
0.0655257645304034
0.07919174916342528
0.49178245773906204
0.23211311131673928
0.09412494999859422
0.28318426556902365
-0.4816491432357043
0.23769854514461902
0.13144869048493663
-0.0359337915571336
0.10311255193651905
-0.2725917198156316
-0.09431951931232428
0.19108624641089222
0.19002967008569474
0.06338119069977183
-0.1504295703716007
0.18451612862652433
0.03463764072600595
0.08750433247606541
-0.25643634729489206
0.5294282173814046
0.12195664946367259
-0.008477452725889605
-0.07768391033946892
-0.2214209630837734
0.17778010739259759
-0.5760897934399967
0.03525087835516447
-0.02345762305543201
0.06982574762900076
-0.1257141490488857
